0 0.009282178217821782 0.011513157894736841 0.019183168316831683 0.023848684210526317
0 0.011757425742574257 0.012335526315789474 0.024133663366336634 0.024671052631578948
0 0.01051980198019802 0.014802631578947368 0.021658415841584157 0.029605263157894735
0 0.007425742574257425 0.011513157894736841 0.01547029702970297 0.023026315789473683
0 0.005569306930693069 0.012335526315789474 0.011138613861386138 0.024671052631578948
0 0.0049504950495049506 0.011513157894736841 0.01051980198019802 0.023848684210526317
0 0.006188118811881188 0.007401315789473684 0.012995049504950494 0.015625
0 0.0049504950495049506 0.012335526315789474 0.01051980198019802 0.02549342105263158
0 0.007425742574257425 0.008223684210526315 0.01547029702970297 0.01644736842105263
0 0.005569306930693069 0.007401315789473684 0.011757425742574257 0.014802631578947368
0 0.006806930693069307 0.008223684210526315 0.014232673267326733 0.017269736842105265
0 0.008044554455445545 0.004934210526315789 0.01608910891089109 0.01069078947368421
0 0.004331683168316832 0.007401315789473684 0.009282178217821782 0.015625
0 0.005569306930693069 0.006578947368421052 0.011138613861386138 0.013157894736842105
0 0.006806930693069307 0.005756578947368421 0.013613861386138614 0.012335526315789474
0 0.005569306930693069 0.006578947368421052 0.011138613861386138 0.013980263157894737
0 0.0049504950495049506 0.006578947368421052 0.01051980198019802 0.013157894736842105
0 0.0049504950495049506 0.006578947368421052 0.009900990099009901 0.013980263157894737
0 0.005569306930693069 0.005756578947368421 0.011138613861386138 0.012335526315789474
0 0.004331683168316832 0.007401315789473684 0.009282178217821782 0.014802631578947368
0 0.005569306930693069 0.008223684210526315 0.011757425742574257 0.01644736842105263
0 0.0049504950495049506 0.005756578947368421 0.01051980198019802 0.011513157894736841
0 0.0049504950495049506 0.006578947368421052 0.009900990099009901 0.013157894736842105
0 0.004331683168316832 0.006578947368421052 0.009282178217821782 0.013157894736842105
0 0.004331683168316832 0.006578947368421052 0.008663366336633664 0.013980263157894737
0 0.0049504950495049506 0.006578947368421052 0.009900990099009901 0.013157894736842105
0 0.005569306930693069 0.005756578947368421 0.011138613861386138 0.011513157894736841
0 0.0049504950495049506 0.005756578947368421 0.009900990099009901 0.012335526315789474
0 0.004331683168316832 0.006578947368421052 0.008663366336633664 0.013157894736842105
0 0.0049504950495049506 0.005756578947368421 0.01051980198019802 0.011513157894736841
0 0.0037128712871287127 0.006578947368421052 0.008044554455445545 0.013980263157894737
0 0.0049504950495049506 0.005756578947368421 0.01051980198019802 0.011513157894736841
0 0.004331683168316832 0.005756578947368421 0.009282178217821782 0.012335526315789474
0 0.004331683168316832 0.006578947368421052 0.008663366336633664 0.013157894736842105
0 0.004331683168316832 0.006578947368421052 0.008663366336633664 0.013157894736842105
0 0.0037128712871287127 0.006578947368421052 0.008044554455445545 0.013157894736842105
0 0.0049504950495049506 0.005756578947368421 0.009900990099009901 0.012335526315789474
0 0.004331683168316832 0.005756578947368421 0.009282178217821782 0.012335526315789474
0 0.0049504950495049506 0.005756578947368421 0.009900990099009901 0.011513157894736841
0 0.004331683168316832 0.006578947368421052 0.009282178217821782 0.013157894736842105
0 0.004331683168316832 0.005756578947368421 0.009282178217821782 0.012335526315789474
0 0.0049504950495049506 0.005756578947368421 0.009900990099009901 0.012335526315789474
0 0.0049504950495049506 0.004934210526315789 0.009900990099009901 0.01069078947368421
0 0.0049504950495049506 0.005756578947368421 0.009900990099009901 0.012335526315789474
0 0.004331683168316832 0.005756578947368421 0.009282178217821782 0.012335526315789474
0 0.0037128712871287127 0.006578947368421052 0.008044554455445545 0.013157894736842105
0 0.005569306930693069 0.004934210526315789 0.011757425742574257 0.01069078947368421
0 0.0049504950495049506 0.004934210526315789 0.01051980198019802 0.01069078947368421
0 0.0049504950495049506 0.004934210526315789 0.01051980198019802 0.009868421052631578
0 0.0037128712871287127 0.005756578947368421 0.008044554455445545 0.012335526315789474
0 0.004331683168316832 0.005756578947368421 0.008663366336633664 0.012335526315789474
0 0.0049504950495049506 0.004934210526315789 0.01051980198019802 0.01069078947368421
0 0.0049504950495049506 0.005756578947368421 0.009900990099009901 0.011513157894736841
0 0.0049504950495049506 0.004934210526315789 0.009900990099009901 0.01069078947368421
0 0.004331683168316832 0.005756578947368421 0.009282178217821782 0.012335526315789474
0 0.004331683168316832 0.005756578947368421 0.009282178217821782 0.012335526315789474
0 0.0049504950495049506 0.004934210526315789 0.01051980198019802 0.01069078947368421
0 0.004331683168316832 0.005756578947368421 0.008663366336633664 0.012335526315789474
0 0.0037128712871287127 0.005756578947368421 0.008044554455445545 0.012335526315789474
0 0.0037128712871287127 0.005756578947368421 0.008044554455445545 0.012335526315789474
0 0.004331683168316832 0.005756578947368421 0.009282178217821782 0.011513157894736841
0 0.004331683168316832 0.005756578947368421 0.009282178217821782 0.011513157894736841
0 0.004331683168316832 0.005756578947368421 0.008663366336633664 0.012335526315789474
0 0.0049504950495049506 0.004934210526315789 0.009900990099009901 0.01069078947368421
0 0.004331683168316832 0.004934210526315789 0.009282178217821782 0.01069078947368421
0 0.0049504950495049506 0.004934210526315789 0.009900990099009901 0.009868421052631578
0 0.0037128712871287127 0.005756578947368421 0.008044554455445545 0.012335526315789474
0 0.0037128712871287127 0.005756578947368421 0.008044554455445545 0.011513157894736841
0 0.004331683168316832 0.005756578947368421 0.008663366336633664 0.012335526315789474
0 0.0037128712871287127 0.005756578947368421 0.008044554455445545 0.011513157894736841
0 0.004331683168316832 0.004934210526315789 0.009282178217821782 0.009868421052631578
0 0.004331683168316832 0.004934210526315789 0.009282178217821782 0.009868421052631578
0 0.004331683168316832 0.005756578947368421 0.009282178217821782 0.011513157894736841
0 0.0049504950495049506 0.004934210526315789 0.009900990099009901 0.009868421052631578
0 0.004331683168316832 0.004934210526315789 0.009282178217821782 0.01069078947368421
0 0.004331683168316832 0.004934210526315789 0.009282178217821782 0.009868421052631578
0 0.004331683168316832 0.005756578947368421 0.008663366336633664 0.011513157894736841
0 0.0049504950495049506 0.004934210526315789 0.009900990099009901 0.009868421052631578
0 0.0049504950495049506 0.004934210526315789 0.009900990099009901 0.009868421052631578
0 0.004331683168316832 0.004934210526315789 0.009282178217821782 0.01069078947368421
0 0.0037128712871287127 0.005756578947368421 0.008044554455445545 0.011513157894736841
0 0.0049504950495049506 0.004934210526315789 0.01051980198019802 0.009868421052631578
0 0.0037128712871287127 0.005756578947368421 0.008044554455445545 0.012335526315789474
0 0.0037128712871287127 0.005756578947368421 0.008044554455445545 0.012335526315789474
0 0.004331683168316832 0.004934210526315789 0.008663366336633664 0.01069078947368421
0 0.0037128712871287127 0.005756578947368421 0.008044554455445545 0.012335526315789474
0 0.004331683168316832 0.004934210526315789 0.008663366336633664 0.01069078947368421
0 0.004331683168316832 0.004934210526315789 0.009282178217821782 0.009868421052631578
0 0.0037128712871287127 0.005756578947368421 0.007425742574257425 0.012335526315789474
0 0.004331683168316832 0.004934210526315789 0.009282178217821782 0.009868421052631578
0 0.004331683168316832 0.004934210526315789 0.009282178217821782 0.009868421052631578
0 0.004331683168316832 0.004934210526315789 0.009282178217821782 0.01069078947368421
0 0.004331683168316832 0.004934210526315789 0.008663366336633664 0.01069078947368421
0 0.004331683168316832 0.004934210526315789 0.009282178217821782 0.01069078947368421
0 0.0037128712871287127 0.005756578947368421 0.008044554455445545 0.012335526315789474
0 0.0037128712871287127 0.004934210526315789 0.008044554455445545 0.01069078947368421
0 0.0037128712871287127 0.006578947368421052 0.007425742574257425 0.013157894736842105
0 0.0049504950495049506 0.004934210526315789 0.009900990099009901 0.009868421052631578
0 0.0037128712871287127 0.005756578947368421 0.007425742574257425 0.012335526315789474
0 0.0037128712871287127 0.005756578947368421 0.008044554455445545 0.011513157894736841
0 0.004331683168316832 0.004934210526315789 0.008663366336633664 0.01069078947368421
0 0.004331683168316832 0.005756578947368421 0.008663366336633664 0.011513157894736841
0 0.004331683168316832 0.005756578947368421 0.008663366336633664 0.011513157894736841
0 0.0037128712871287127 0.005756578947368421 0.007425742574257425 0.012335526315789474
0 0.0037128712871287127 0.005756578947368421 0.008044554455445545 0.011513157894736841
0 0.004331683168316832 0.004934210526315789 0.008663366336633664 0.01069078947368421
0 0.004331683168316832 0.004934210526315789 0.008663366336633664 0.01069078947368421
0 0.0037128712871287127 0.005756578947368421 0.008044554455445545 0.011513157894736841
0 0.004331683168316832 0.005756578947368421 0.008663366336633664 0.011513157894736841
0 0.004331683168316832 0.005756578947368421 0.008663366336633664 0.011513157894736841
0 0.004331683168316832 0.004934210526315789 0.008663366336633664 0.01069078947368421
0 0.0037128712871287127 0.005756578947368421 0.007425742574257425 0.011513157894736841
0 0.004331683168316832 0.004934210526315789 0.009282178217821782 0.009868421052631578
0 0.0049504950495049506 0.004111842105263158 0.009900990099009901 0.009046052631578948
0 0.004331683168316832 0.004934210526315789 0.008663366336633664 0.01069078947368421
0 0.004331683168316832 0.005756578947368421 0.008663366336633664 0.011513157894736841
0 0.004331683168316832 0.004934210526315789 0.008663366336633664 0.009868421052631578
0 0.004331683168316832 0.004934210526315789 0.009282178217821782 0.009868421052631578
0 0.0037128712871287127 0.004934210526315789 0.008044554455445545 0.01069078947368421
0 0.004331683168316832 0.004934210526315789 0.009282178217821782 0.009868421052631578
0 0.004331683168316832 0.004934210526315789 0.008663366336633664 0.01069078947368421
0 0.004331683168316832 0.004934210526315789 0.008663366336633664 0.01069078947368421
0 0.0037128712871287127 0.005756578947368421 0.008044554455445545 0.011513157894736841
0 0.0037128712871287127 0.004934210526315789 0.008044554455445545 0.01069078947368421
0 0.004331683168316832 0.005756578947368421 0.008663366336633664 0.011513157894736841
0 0.0037128712871287127 0.004934210526315789 0.008044554455445545 0.01069078947368421
0 0.004331683168316832 0.004111842105263158 0.009282178217821782 0.009046052631578948
0 0.004331683168316832 0.005756578947368421 0.008663366336633664 0.011513157894736841
0 0.004331683168316832 0.004934210526315789 0.008663366336633664 0.009868421052631578
0 0.0049504950495049506 0.004111842105263158 0.009900990099009901 0.009046052631578948
0 0.0037128712871287127 0.004934210526315789 0.008044554455445545 0.009868421052631578
0 0.0037128712871287127 0.005756578947368421 0.007425742574257425 0.011513157894736841
0 0.0037128712871287127 0.004934210526315789 0.008044554455445545 0.009868421052631578
0 0.004331683168316832 0.004111842105263158 0.009282178217821782 0.009046052631578948
0 0.0037128712871287127 0.005756578947368421 0.007425742574257425 0.012335526315789474
0 0.0037128712871287127 0.004934210526315789 0.008044554455445545 0.01069078947368421
0 0.0037128712871287127 0.004934210526315789 0.008044554455445545 0.009868421052631578
0 0.0037128712871287127 0.004934210526315789 0.008044554455445545 0.01069078947368421
0 0.004331683168316832 0.004934210526315789 0.008663366336633664 0.009868421052631578
0 0.0037128712871287127 0.004934210526315789 0.008044554455445545 0.009868421052631578
0 0.0037128712871287127 0.004934210526315789 0.007425742574257425 0.01069078947368421
0 0.004331683168316832 0.004934210526315789 0.009282178217821782 0.009868421052631578
0 0.0037128712871287127 0.004934210526315789 0.007425742574257425 0.01069078947368421
0 0.0037128712871287127 0.004934210526315789 0.008044554455445545 0.009868421052631578
0 0.0037128712871287127 0.006578947368421052 0.008044554455445545 0.013980263157894737
0 0.0037128712871287127 0.004934210526315789 0.008044554455445545 0.009868421052631578
0 0.0037128712871287127 0.004934210526315789 0.007425742574257425 0.01069078947368421
0 0.0037128712871287127 0.004934210526315789 0.007425742574257425 0.01069078947368421
0 0.003094059405940594 0.005756578947368421 0.006806930693069307 0.012335526315789474
0 0.0037128712871287127 0.005756578947368421 0.007425742574257425 0.011513157894736841
0 0.0037128712871287127 0.004934210526315789 0.007425742574257425 0.009868421052631578
0 0.004331683168316832 0.004934210526315789 0.008663366336633664 0.009868421052631578
0 0.0037128712871287127 0.004934210526315789 0.008044554455445545 0.009868421052631578
0 0.004331683168316832 0.004111842105263158 0.008663366336633664 0.009046052631578948
0 0.0037128712871287127 0.004111842105263158 0.008044554455445545 0.009046052631578948
0 0.004331683168316832 0.004111842105263158 0.009282178217821782 0.009046052631578948
0 0.004331683168316832 0.004934210526315789 0.008663366336633664 0.009868421052631578
0 0.0037128712871287127 0.004934210526315789 0.007425742574257425 0.01069078947368421
0 0.004331683168316832 0.004934210526315789 0.008663366336633664 0.01069078947368421
0 0.004331683168316832 0.004934210526315789 0.008663366336633664 0.009868421052631578
0 0.0037128712871287127 0.004934210526315789 0.008044554455445545 0.009868421052631578
0 0.0037128712871287127 0.004111842105263158 0.008044554455445545 0.009046052631578948
0 0.004331683168316832 0.004111842105263158 0.008663366336633664 0.009046052631578948
0 0.0037128712871287127 0.004934210526315789 0.008044554455445545 0.009868421052631578
0 0.004331683168316832 0.004934210526315789 0.009282178217821782 0.009868421052631578
0 0.0037128712871287127 0.004934210526315789 0.008044554455445545 0.01069078947368421
0 0.0037128712871287127 0.004934210526315789 0.007425742574257425 0.01069078947368421
0 0.004331683168316832 0.004111842105263158 0.008663366336633664 0.009046052631578948
0 0.003094059405940594 0.004934210526315789 0.006806930693069307 0.01069078947368421
0 0.0037128712871287127 0.004934210526315789 0.007425742574257425 0.01069078947368421
0 0.004331683168316832 0.004111842105263158 0.008663366336633664 0.009046052631578948
0 0.004331683168316832 0.004111842105263158 0.009282178217821782 0.009046052631578948
0 0.0037128712871287127 0.004934210526315789 0.008044554455445545 0.009868421052631578
0 0.0037128712871287127 0.004934210526315789 0.007425742574257425 0.009868421052631578
0 0.004331683168316832 0.004111842105263158 0.008663366336633664 0.009046052631578948
0 0.0037128712871287127 0.004934210526315789 0.008044554455445545 0.009868421052631578
0 0.0037128712871287127 0.004934210526315789 0.007425742574257425 0.009868421052631578
0 0.0037128712871287127 0.004111842105263158 0.008044554455445545 0.009046052631578948
0 0.004331683168316832 0.004111842105263158 0.008663366336633664 0.009046052631578948
0 0.003094059405940594 0.004934210526315789 0.006806930693069307 0.009868421052631578
0 0.003094059405940594 0.004934210526315789 0.006806930693069307 0.01069078947368421
0 0.0037128712871287127 0.004111842105263158 0.008044554455445545 0.009046052631578948
0 0.0037128712871287127 0.004934210526315789 0.008044554455445545 0.009868421052631578
0 0.0037128712871287127 0.004934210526315789 0.008044554455445545 0.009868421052631578
0 0.0037128712871287127 0.004934210526315789 0.007425742574257425 0.009868421052631578
0 0.0037128712871287127 0.004934210526315789 0.007425742574257425 0.01069078947368421
0 0.004331683168316832 0.004934210526315789 0.008663366336633664 0.009868421052631578
0 0.0037128712871287127 0.004111842105263158 0.008044554455445545 0.009046052631578948
0 0.003094059405940594 0.004934210526315789 0.006806930693069307 0.01069078947368421
0 0.0037128712871287127 0.004934210526315789 0.008044554455445545 0.009868421052631578
0 0.0037128712871287127 0.004934210526315789 0.007425742574257425 0.009868421052631578
0 0.0037128712871287127 0.004111842105263158 0.008044554455445545 0.009046052631578948
0 0.003094059405940594 0.004934210526315789 0.006806930693069307 0.01069078947368421
0 0.003094059405940594 0.004934210526315789 0.006188118811881188 0.01069078947368421
0 0.003094059405940594 0.004934210526315789 0.006806930693069307 0.01069078947368421
0 0.0037128712871287127 0.004934210526315789 0.007425742574257425 0.009868421052631578
0 0.0037128712871287127 0.004111842105263158 0.007425742574257425 0.009046052631578948
0 0.0037128712871287127 0.004111842105263158 0.007425742574257425 0.009046052631578948
0 0.0037128712871287127 0.004934210526315789 0.007425742574257425 0.009868421052631578
0 0.0037128712871287127 0.004934210526315789 0.007425742574257425 0.009868421052631578
0 0.0037128712871287127 0.004111842105263158 0.007425742574257425 0.009046052631578948
0 0.003094059405940594 0.005756578947368421 0.006188118811881188 0.011513157894736841
0 0.0037128712871287127 0.004934210526315789 0.007425742574257425 0.009868421052631578
0 0.0037128712871287127 0.004111842105263158 0.007425742574257425 0.009046052631578948
0 0.0037128712871287127 0.004111842105263158 0.008044554455445545 0.009046052631578948
0 0.0037128712871287127 0.004111842105263158 0.007425742574257425 0.009046052631578948
0 0.003094059405940594 0.004934210526315789 0.006806930693069307 0.009868421052631578
0 0.0037128712871287127 0.004111842105263158 0.008044554455445545 0.009046052631578948
0 0.0037128712871287127 0.004111842105263158 0.008044554455445545 0.009046052631578948
0 0.005569306930693069 0.003289473684210526 0.011138613861386138 0.006578947368421052
0 0.0037128712871287127 0.004111842105263158 0.008044554455445545 0.009046052631578948
0 0.0037128712871287127 0.004111842105263158 0.007425742574257425 0.009046052631578948
0 0.0037128712871287127 0.004111842105263158 0.008044554455445545 0.009046052631578948
0 0.0037128712871287127 0.004111842105263158 0.008044554455445545 0.009046052631578948
0 0.0037128712871287127 0.004111842105263158 0.007425742574257425 0.009046052631578948
0 0.0037128712871287127 0.004111842105263158 0.007425742574257425 0.009046052631578948
0 0.0037128712871287127 0.004111842105263158 0.007425742574257425 0.009046052631578948
0 0.0037128712871287127 0.004934210526315789 0.007425742574257425 0.009868421052631578
0 0.0037128712871287127 0.004111842105263158 0.007425742574257425 0.009046052631578948
0 0.003094059405940594 0.004111842105263158 0.006806930693069307 0.009046052631578948
0 0.0037128712871287127 0.004111842105263158 0.007425742574257425 0.008223684210526315
0 0.0037128712871287127 0.004111842105263158 0.007425742574257425 0.009046052631578948
0 0.0037128712871287127 0.004111842105263158 0.008044554455445545 0.009046052631578948
0 0.003094059405940594 0.004934210526315789 0.006806930693069307 0.009868421052631578
0 0.0037128712871287127 0.004111842105263158 0.007425742574257425 0.009046052631578948
0 0.0037128712871287127 0.004111842105263158 0.007425742574257425 0.009046052631578948
0 0.0037128712871287127 0.004111842105263158 0.007425742574257425 0.009046052631578948
0 0.0037128712871287127 0.004111842105263158 0.008044554455445545 0.008223684210526315
0 0.0037128712871287127 0.004111842105263158 0.007425742574257425 0.009046052631578948
0 0.0037128712871287127 0.004111842105263158 0.007425742574257425 0.009046052631578948
0 0.0037128712871287127 0.004111842105263158 0.007425742574257425 0.009046052631578948
0 0.0037128712871287127 0.004111842105263158 0.007425742574257425 0.009046052631578948
0 0.0037128712871287127 0.004111842105263158 0.007425742574257425 0.009046052631578948
0 0.0037128712871287127 0.004111842105263158 0.007425742574257425 0.009046052631578948
0 0.003094059405940594 0.004934210526315789 0.006806930693069307 0.009868421052631578
0 0.0037128712871287127 0.004934210526315789 0.007425742574257425 0.009868421052631578
0 0.0037128712871287127 0.004111842105263158 0.008044554455445545 0.008223684210526315
0 0.003094059405940594 0.004934210526315789 0.006806930693069307 0.009868421052631578
0 0.003094059405940594 0.004934210526315789 0.006806930693069307 0.009868421052631578
0 0.003094059405940594 0.004111842105263158 0.006806930693069307 0.008223684210526315
0 0.003094059405940594 0.004111842105263158 0.006806930693069307 0.009046052631578948
0 0.003094059405940594 0.004111842105263158 0.006806930693069307 0.009046052631578948
0 0.0037128712871287127 0.004111842105263158 0.007425742574257425 0.009046052631578948
0 0.003094059405940594 0.004934210526315789 0.006806930693069307 0.009868421052631578
0 0.0037128712871287127 0.004111842105263158 0.007425742574257425 0.008223684210526315
0 0.003094059405940594 0.004111842105263158 0.006806930693069307 0.008223684210526315
0 0.003094059405940594 0.004111842105263158 0.006806930693069307 0.009046052631578948
0 0.003094059405940594 0.004111842105263158 0.006806930693069307 0.009046052631578948
0 0.0037128712871287127 0.004111842105263158 0.007425742574257425 0.008223684210526315
0 0.003094059405940594 0.004111842105263158 0.006806930693069307 0.009046052631578948
0 0.0037128712871287127 0.003289473684210526 0.007425742574257425 0.007401315789473684
0 0.003094059405940594 0.004111842105263158 0.006806930693069307 0.009046052631578948
0 0.003094059405940594 0.004111842105263158 0.006188118811881188 0.009046052631578948
0 0.003094059405940594 0.004111842105263158 0.006806930693069307 0.008223684210526315
0 0.003094059405940594 0.004111842105263158 0.006806930693069307 0.008223684210526315
0 0.0037128712871287127 0.004111842105263158 0.007425742574257425 0.008223684210526315
0 0.003094059405940594 0.004111842105263158 0.006806930693069307 0.008223684210526315
0 0.003094059405940594 0.004111842105263158 0.006806930693069307 0.008223684210526315
0 0.003094059405940594 0.004111842105263158 0.006806930693069307 0.008223684210526315
0 0.0037128712871287127 0.004111842105263158 0.007425742574257425 0.008223684210526315
0 0.0037128712871287127 0.004111842105263158 0.007425742574257425 0.008223684210526315
0 0.003094059405940594 0.004111842105263158 0.006188118811881188 0.009046052631578948
0 0.0024752475247524753 0.004934210526315789 0.005569306930693069 0.009868421052631578
0 0.003094059405940594 0.004111842105263158 0.006806930693069307 0.008223684210526315
0 0.0049504950495049506 0.003289473684210526 0.009900990099009901 0.006578947368421052
0 0.003094059405940594 0.003289473684210526 0.006806930693069307 0.007401315789473684
0 0.003094059405940594 0.004934210526315789 0.006188118811881188 0.009868421052631578
0 0.003094059405940594 0.003289473684210526 0.006806930693069307 0.007401315789473684
0 0.003094059405940594 0.004111842105263158 0.006806930693069307 0.009046052631578948
0 0.003094059405940594 0.003289473684210526 0.006806930693069307 0.007401315789473684
0 0.003094059405940594 0.004111842105263158 0.006188118811881188 0.008223684210526315
0 0.003094059405940594 0.004111842105263158 0.006806930693069307 0.009046052631578948
0 0.0037128712871287127 0.004111842105263158 0.007425742574257425 0.008223684210526315
0 0.0037128712871287127 0.003289473684210526 0.007425742574257425 0.007401315789473684
0 0.003094059405940594 0.004111842105263158 0.006188118811881188 0.008223684210526315
0 0.003094059405940594 0.004111842105263158 0.006188118811881188 0.008223684210526315
0 0.003094059405940594 0.004111842105263158 0.006806930693069307 0.008223684210526315
0 0.003094059405940594 0.004111842105263158 0.006188118811881188 0.009046052631578948
0 0.003094059405940594 0.003289473684210526 0.006806930693069307 0.007401315789473684
0 0.003094059405940594 0.004111842105263158 0.006188118811881188 0.008223684210526315
0 0.003094059405940594 0.003289473684210526 0.006806930693069307 0.007401315789473684
0 0.003094059405940594 0.004111842105263158 0.006188118811881188 0.008223684210526315
0 0.003094059405940594 0.004111842105263158 0.006188118811881188 0.008223684210526315
0 0.003094059405940594 0.003289473684210526 0.006806930693069307 0.007401315789473684
0 0.003094059405940594 0.004111842105263158 0.006188118811881188 0.008223684210526315
0 0.0024752475247524753 0.004111842105263158 0.005569306930693069 0.008223684210526315
0 0.003094059405940594 0.003289473684210526 0.006188118811881188 0.007401315789473684
0 0.003094059405940594 0.003289473684210526 0.006188118811881188 0.007401315789473684
0 0.003094059405940594 0.004111842105263158 0.006806930693069307 0.008223684210526315
0 0.003094059405940594 0.003289473684210526 0.006806930693069307 0.007401315789473684
0 0.003094059405940594 0.004111842105263158 0.006188118811881188 0.008223684210526315
0 0.003094059405940594 0.003289473684210526 0.006188118811881188 0.007401315789473684
0 0.003094059405940594 0.004111842105263158 0.006188118811881188 0.008223684210526315
0 0.003094059405940594 0.004111842105263158 0.006188118811881188 0.008223684210526315
0 0.003094059405940594 0.004111842105263158 0.006806930693069307 0.008223684210526315
0 0.003094059405940594 0.003289473684210526 0.006188118811881188 0.007401315789473684
0 0.003094059405940594 0.004111842105263158 0.006188118811881188 0.008223684210526315
0 0.003094059405940594 0.004111842105263158 0.006188118811881188 0.008223684210526315
0 0.003094059405940594 0.003289473684210526 0.006188118811881188 0.007401315789473684
0 0.003094059405940594 0.004111842105263158 0.006188118811881188 0.008223684210526315
0 0.003094059405940594 0.004111842105263158 0.006188118811881188 0.008223684210526315
0 0.003094059405940594 0.003289473684210526 0.006806930693069307 0.006578947368421052
0 0.003094059405940594 0.003289473684210526 0.006188118811881188 0.007401315789473684
0 0.0024752475247524753 0.003289473684210526 0.005569306930693069 0.007401315789473684
0 0.003094059405940594 0.003289473684210526 0.006188118811881188 0.007401315789473684
0 0.003094059405940594 0.004111842105263158 0.006806930693069307 0.008223684210526315
0 0.0024752475247524753 0.004111842105263158 0.005569306930693069 0.008223684210526315
0 0.0024752475247524753 0.003289473684210526 0.005569306930693069 0.007401315789473684
0 0.003094059405940594 0.003289473684210526 0.006188118811881188 0.007401315789473684
0 0.0024752475247524753 0.003289473684210526 0.005569306930693069 0.007401315789473684
0 0.003094059405940594 0.003289473684210526 0.006188118811881188 0.007401315789473684
0 0.003094059405940594 0.003289473684210526 0.006188118811881188 0.007401315789473684
0 0.003094059405940594 0.003289473684210526 0.006806930693069307 0.007401315789473684
0 0.003094059405940594 0.003289473684210526 0.006806930693069307 0.007401315789473684
0 0.003094059405940594 0.003289473684210526 0.006188118811881188 0.007401315789473684
0 0.0024752475247524753 0.003289473684210526 0.005569306930693069 0.007401315789473684
0 0.0024752475247524753 0.004111842105263158 0.005569306930693069 0.008223684210526315
0 0.003094059405940594 0.003289473684210526 0.006188118811881188 0.007401315789473684
0 0.0024752475247524753 0.003289473684210526 0.005569306930693069 0.007401315789473684
0 0.0024752475247524753 0.003289473684210526 0.005569306930693069 0.007401315789473684
0 0.003094059405940594 0.003289473684210526 0.006188118811881188 0.006578947368421052
0 0.0024752475247524753 0.003289473684210526 0.005569306930693069 0.007401315789473684
0 0.0024752475247524753 0.003289473684210526 0.005569306930693069 0.007401315789473684
0 0.0024752475247524753 0.003289473684210526 0.005569306930693069 0.007401315789473684
0 0.0024752475247524753 0.004111842105263158 0.0049504950495049506 0.008223684210526315
0 0.0024752475247524753 0.003289473684210526 0.005569306930693069 0.007401315789473684
0 0.0024752475247524753 0.003289473684210526 0.005569306930693069 0.006578947368421052
0 0.003094059405940594 0.003289473684210526 0.006188118811881188 0.006578947368421052
0 0.0024752475247524753 0.004111842105263158 0.005569306930693069 0.008223684210526315
0 0.0024752475247524753 0.004934210526315789 0.005569306930693069 0.009868421052631578
0 0.0024752475247524753 0.004111842105263158 0.005569306930693069 0.008223684210526315
0 0.003094059405940594 0.003289473684210526 0.006188118811881188 0.006578947368421052
0 0.0024752475247524753 0.003289473684210526 0.005569306930693069 0.007401315789473684
0 0.0024752475247524753 0.003289473684210526 0.005569306930693069 0.007401315789473684
0 0.0024752475247524753 0.003289473684210526 0.005569306930693069 0.007401315789473684
0 0.0024752475247524753 0.003289473684210526 0.005569306930693069 0.007401315789473684
0 0.0024752475247524753 0.003289473684210526 0.005569306930693069 0.006578947368421052
0 0.0024752475247524753 0.003289473684210526 0.005569306930693069 0.006578947368421052
0 0.0024752475247524753 0.003289473684210526 0.005569306930693069 0.006578947368421052
0 0.003094059405940594 0.003289473684210526 0.006188118811881188 0.006578947368421052
0 0.003094059405940594 0.003289473684210526 0.006188118811881188 0.006578947368421052
0 0.0024752475247524753 0.003289473684210526 0.005569306930693069 0.006578947368421052
0 0.0024752475247524753 0.003289473684210526 0.005569306930693069 0.007401315789473684
0 0.003094059405940594 0.003289473684210526 0.006188118811881188 0.006578947368421052
0 0.0024752475247524753 0.003289473684210526 0.0049504950495049506 0.006578947368421052
0 0.0024752475247524753 0.0024671052631578946 0.005569306930693069 0.005756578947368421
0 0.0024752475247524753 0.003289473684210526 0.005569306930693069 0.006578947368421052
0 0.0024752475247524753 0.003289473684210526 0.0049504950495049506 0.006578947368421052
0 0.0024752475247524753 0.003289473684210526 0.005569306930693069 0.006578947368421052
0 0.0024752475247524753 0.003289473684210526 0.005569306930693069 0.006578947368421052
0 0.0024752475247524753 0.003289473684210526 0.0049504950495049506 0.007401315789473684
0 0.0024752475247524753 0.003289473684210526 0.005569306930693069 0.006578947368421052
0 0.0024752475247524753 0.003289473684210526 0.0049504950495049506 0.006578947368421052
0 0.0024752475247524753 0.0024671052631578946 0.005569306930693069 0.005756578947368421
0 0.0024752475247524753 0.003289473684210526 0.0049504950495049506 0.007401315789473684
0 0.0024752475247524753 0.003289473684210526 0.005569306930693069 0.006578947368421052
0 0.0024752475247524753 0.003289473684210526 0.005569306930693069 0.006578947368421052
0 0.0024752475247524753 0.0024671052631578946 0.005569306930693069 0.005756578947368421
0 0.003094059405940594 0.0024671052631578946 0.006188118811881188 0.005756578947368421
0 0.0024752475247524753 0.003289473684210526 0.0049504950495049506 0.006578947368421052
0 0.0024752475247524753 0.003289473684210526 0.0049504950495049506 0.006578947368421052
0 0.0024752475247524753 0.003289473684210526 0.0049504950495049506 0.006578947368421052
0 0.0024752475247524753 0.003289473684210526 0.0049504950495049506 0.006578947368421052
0 0.0024752475247524753 0.0024671052631578946 0.0049504950495049506 0.005756578947368421
0 0.0024752475247524753 0.0024671052631578946 0.005569306930693069 0.005756578947368421
0 0.0018564356435643563 0.003289473684210526 0.004331683168316832 0.006578947368421052
0 0.0024752475247524753 0.0024671052631578946 0.0049504950495049506 0.005756578947368421
0 0.0024752475247524753 0.0024671052631578946 0.0049504950495049506 0.005756578947368421
0 0.0024752475247524753 0.003289473684210526 0.0049504950495049506 0.006578947368421052
0 0.0018564356435643563 0.003289473684210526 0.004331683168316832 0.006578947368421052
0 0.0018564356435643563 0.003289473684210526 0.004331683168316832 0.006578947368421052
0 0.0024752475247524753 0.0024671052631578946 0.0049504950495049506 0.004934210526315789
0 0.0024752475247524753 0.003289473684210526 0.0049504950495049506 0.006578947368421052
0 0.0024752475247524753 0.0024671052631578946 0.0049504950495049506 0.004934210526315789
0 0.0024752475247524753 0.0024671052631578946 0.0049504950495049506 0.005756578947368421
0 0.0024752475247524753 0.003289473684210526 0.0049504950495049506 0.006578947368421052
0 0.0024752475247524753 0.0024671052631578946 0.0049504950495049506 0.005756578947368421
0 0.0024752475247524753 0.0024671052631578946 0.0049504950495049506 0.004934210526315789
0 0.0018564356435643563 0.0024671052631578946 0.004331683168316832 0.005756578947368421
0 0.0018564356435643563 0.003289473684210526 0.004331683168316832 0.006578947368421052
0 0.0024752475247524753 0.0024671052631578946 0.0049504950495049506 0.004934210526315789
0 0.0018564356435643563 0.0024671052631578946 0.004331683168316832 0.004934210526315789
0 0.0018564356435643563 0.0024671052631578946 0.004331683168316832 0.005756578947368421
0 0.0024752475247524753 0.0024671052631578946 0.0049504950495049506 0.004934210526315789
0 0.0018564356435643563 0.0024671052631578946 0.004331683168316832 0.004934210526315789
0 0.0018564356435643563 0.0024671052631578946 0.004331683168316832 0.004934210526315789
0 0.0018564356435643563 0.0024671052631578946 0.0037128712871287127 0.005756578947368421
0 0.0018564356435643563 0.001644736842105263 0.004331683168316832 0.004111842105263158
0 0.0018564356435643563 0.0024671052631578946 0.0037128712871287127 0.004934210526315789
0 0.0018564356435643563 0.001644736842105263 0.004331683168316832 0.004111842105263158
0 0.0018564356435643563 0.001644736842105263 0.004331683168316832 0.004111842105263158
0 0.0018564356435643563 0.0024671052631578946 0.0037128712871287127 0.004934210526315789
0 0.0018564356435643563 0.0024671052631578946 0.004331683168316832 0.004934210526315789
0 0.0018564356435643563 0.0024671052631578946 0.0037128712871287127 0.005756578947368421
0 0.0018564356435643563 0.0024671052631578946 0.0037128712871287127 0.004934210526315789
0 0.0018564356435643563 0.0024671052631578946 0.0037128712871287127 0.004934210526315789
0 0.0018564356435643563 0.0024671052631578946 0.0037128712871287127 0.004934210526315789
0 0.0018564356435643563 0.001644736842105263 0.004331683168316832 0.004111842105263158
0 0.0018564356435643563 0.0024671052631578946 0.0037128712871287127 0.004934210526315789
0 0.0018564356435643563 0.0024671052631578946 0.0037128712871287127 0.004934210526315789
0 0.0012376237623762376 0.0024671052631578946 0.003094059405940594 0.004934210526315789
0 0.0024752475247524753 0.001644736842105263 0.0049504950495049506 0.004111842105263158
0 0.0018564356435643563 0.001644736842105263 0.0037128712871287127 0.004111842105263158
0 0.0012376237623762376 0.0024671052631578946 0.003094059405940594 0.004934210526315789
0 0.0018564356435643563 0.001644736842105263 0.0037128712871287127 0.004111842105263158
0 0.0018564356435643563 0.001644736842105263 0.0037128712871287127 0.004111842105263158
0 0.0012376237623762376 0.001644736842105263 0.003094059405940594 0.004111842105263158
0 0.0018564356435643563 0.001644736842105263 0.0037128712871287127 0.004111842105263158
0 0.0018564356435643563 0.001644736842105263 0.0037128712871287127 0.004111842105263158
0 0.0012376237623762376 0.001644736842105263 0.003094059405940594 0.004111842105263158
0 0.0012376237623762376 0.001644736842105263 0.003094059405940594 0.004111842105263158
0 0.0012376237623762376 0.001644736842105263 0.003094059405940594 0.004111842105263158
0 0.0012376237623762376 0.001644736842105263 0.003094059405940594 0.004111842105263158
0 0.0012376237623762376 0.001644736842105263 0.003094059405940594 0.004111842105263158
0 0.0012376237623762376 0.001644736842105263 0.003094059405940594 0.004111842105263158
0 0.0012376237623762376 0.001644736842105263 0.003094059405940594 0.004111842105263158
0 0.0012376237623762376 0.001644736842105263 0.003094059405940594 0.003289473684210526
0 0.0012376237623762376 0.0008223684210526315 0.003094059405940594 0.0024671052631578946
0 0.0012376237623762376 0.0008223684210526315 0.0024752475247524753 0.0024671052631578946
0 0.0012376237623762376 0.0008223684210526315 0.0024752475247524753 0.0024671052631578946
0 0.0012376237623762376 0.0008223684210526315 0.0024752475247524753 0.0024671052631578946
0 0.0006188118811881188 0.0008223684210526315 0.0018564356435643563 0.0024671052631578946
0 0.0006188118811881188 0.0008223684210526315 0.0018564356435643563 0.0024671052631578946
0 0.0006188118811881188 0.0008223684210526315 0.0018564356435643563 0.0024671052631578946
0 0.0006188118811881188 0.0008223684210526315 0.0018564356435643563 0.0024671052631578946
0 0.0006188118811881188 0.0008223684210526315 0.0018564356435643563 0.0024671052631578946
0 0.0006188118811881188 0.0008223684210526315 0.0018564356435643563 0.0024671052631578946
0 0.0006188118811881188 0.0008223684210526315 0.0018564356435643563 0.0024671052631578946
0 0.0006188118811881188 0.0008223684210526315 0.0018564356435643563 0.0024671052631578946
0 0.0006188118811881188 0.0008223684210526315 0.0018564356435643563 0.0024671052631578946
0 0.0006188118811881188 0.0008223684210526315 0.0018564356435643563 0.0024671052631578946
0 0.0006188118811881188 0.0008223684210526315 0.0018564356435643563 0.0024671052631578946
0 0.0006188118811881188 0.0008223684210526315 0.0018564356435643563 0.0024671052631578946
0 0.0006188118811881188 0.0008223684210526315 0.0018564356435643563 0.0024671052631578946
0 0.0006188118811881188 0.0008223684210526315 0.0018564356435643563 0.0024671052631578946
0 0.0006188118811881188 0.0008223684210526315 0.0018564356435643563 0.0024671052631578946
0 0.0006188118811881188 0.0008223684210526315 0.0018564356435643563 0.0024671052631578946
0 0.0006188118811881188 0.0008223684210526315 0.0018564356435643563 0.0024671052631578946
0 0.0006188118811881188 0.0008223684210526315 0.0018564356435643563 0.0024671052631578946
0 0.0006188118811881188 0.0008223684210526315 0.0018564356435643563 0.0024671052631578946
0 0.0006188118811881188 0.0008223684210526315 0.0018564356435643563 0.0024671052631578946
0 0.0006188118811881188 0.0008223684210526315 0.0018564356435643563 0.0024671052631578946
0 0.0006188118811881188 0.0008223684210526315 0.0018564356435643563 0.0024671052631578946
0 0.0006188118811881188 0.0008223684210526315 0.0018564356435643563 0.0024671052631578946
0 0.0006188118811881188 0.0008223684210526315 0.0018564356435643563 0.0024671052631578946
0 0.0006188118811881188 0.0008223684210526315 0.0018564356435643563 0.0024671052631578946
0 0.0006188118811881188 0.0008223684210526315 0.0018564356435643563 0.0024671052631578946
0 0.0006188118811881188 0.0008223684210526315 0.0018564356435643563 0.0024671052631578946
0 0.0006188118811881188 0.0008223684210526315 0.0018564356435643563 0.0024671052631578946
0 0.0006188118811881188 0.0008223684210526315 0.0018564356435643563 0.0024671052631578946
